start=7061.137417
volume=88.000000
mute=no
border=yes
aid=1
sid=1
sub-delay=0.302999
