start=5661.406000
volume=63.000000
mute=no
border=yes
sub-pos=78
